# A)

A = [3.25 1.625 1.083 0.8125; 1.625 1.083 0.8125 0.65; 1.083 0.8125 0.65 0.5417; 0.8125 0.65 0.5417 0.4643];
b = [3.520; 4.496; 4.008; 3.49];

# B)

B = [-3 -24 5 -17; -24 5 -2 4; 5 -2 3 -8; -17 4 -8 1];
b = [-152; 31; 64; 11];

# C)

C = [3 1.5 1 0.75; 1.5 1 0.75 0.6; 1 0.75 0.6 0.5; 0.75 0.6 0.5 0.43];
b = [32; 16.2; 10.85; 8.16];


# D)

D = [0.01 0.4 0.125 1; 0.4 0.25 2 0.32; 0.125 2 0.5 1.02; 1 0.32 1.02 0.045];
b = [2.0685; -0.085; 2.4425; 0.1424];


# E)

E = [3 4; -9 -12];
b = [1; 4];

